0.000000
83720.404040
167440.808081
251161.212121
334881.616162
418602.020202
502322.424242
586042.828283
669763.232323
753483.636364
837204.040404
920924.444444
1004644.848485
1088365.252525
1172085.656566
1255806.060606
1339526.464646
1423246.868687
1506967.272727
1590687.676768
1674408.080808
1758128.484848
1841848.888889
1925569.292929
2009289.696970
2093010.101010
2176730.505051
2260450.909091
2344171.313131
2427891.717172
2511612.121212
2595332.525253
2679052.929293
2762773.333333
2846493.737374
2930214.141414
3013934.545455
3097654.949495
3181375.353535
3265095.757576
3348816.161616
3432536.565657
3516256.969697
3599977.373737
3683697.777778
3767418.181818
3851138.585859
3934858.989899
4018579.393939
4102299.797980
4186020.202020
4269740.606061
4353461.010101
4437181.414141
4520901.818182
4604622.222222
4688342.626263
4772063.030303
4855783.434343
4939503.838384
5023224.242424
5106944.646465
5190665.050505
5274385.454545
5358105.858586
5441826.262626
5525546.666667
5609267.070707
5692987.474747
5776707.878788
5860428.282828
5944148.686869
6027869.090909
6111589.494949
6195309.898990
6279030.303030
6362750.707071
6446471.111111
6530191.515152
6613911.919192
6697632.323232
6781352.727273
6865073.131313
6948793.535354
7032513.939394
7116234.343434
7199954.747475
7283675.151515
7367395.555556
7451115.959596
7534836.363636
7618556.767677
7702277.171717
7785997.575758
7869717.979798
7953438.383838
8037158.787879
8120879.191919
8204599.595960
8288320.000000
